1,2,14.174
3,4,10.327
5,6,9.175
5,7,9.062
8,9,8.494
1,8,8.416
10,6,7.83
1,9,7.733
1,11,7.089
2,11,7.089
6,3,7.048
5,12,6.883
13,14,6.871
8,15,6.759
16,17,6.605
14,18,6.539
8,2,6.527
8,11,6.522
19,20,6.373
21,22,6.339
10,23,6.231
21,3,6.144
24,25,5.931
5,1,5.743
6,26,5.683
24,26,5.665
2,9,5.638
27,20,5.558
3,22,5.539
25,28,5.522
29,23,5.419
30,31,5.351
32,33,5.271
34,3,5.241
12,35,5.235
14,17,5.223
36,6,5.154
37,26,5.062
30,3,4.97
26,25,4.965
38,28,4.931
39,27,4.876
37,20,4.863
31,9,4.766
5,35,4.761
20,28,4.722
32,9,4.72
40,21,4.67
14,26,4.658
41,12,4.641
26,1,4.634
42,26,4.63
10,29,4.618
3,43,4.602
7,20,4.596
37,42,4.556
30,44,4.524
6,39,4.504
6,21,4.396
26,28,4.382
42,17,4.352
6,40,4.307
26,17,4.295
31,11,4.268
37,6,4.217
6,35,4.183
45,1,4.178
30,5,4.156
46,25,4.136
26,46,4.083
10,12,4.081
44,3,4.062
43,4,4.062
26,20,4.024
47,14,3.997
44,12,3.983
30,12,3.983
16,48,3.983
34,4,3.96
47,49,3.954
6,23,3.911
48,33,3.906
33,8,3.835
6,29,3.812
24,46,3.773
37,14,3.728
43,50,3.724
51,14,3.71
6,1,3.708
37,17,3.685
8,50,3.669
14,28,3.648
6,27,3.641
6,4,3.612
44,5,3.6
33,50,3.556
50,9,3.538
5,20,3.53
3,12,3.521
41,50,3.492
14,48,3.43
5,48,3.401
48,9,3.399
6,41,3.367
49,28,3.359
47,6,3.324
18,1,3.193
41,33,3.174
6,14,3.158
37,40,3.151
5,3,3.137
44,6,3.093
30,6,3.068
5,14,3.041
41,8,3.036
16,5,2.994
18,28,2.965
5,26,2.96
6,52,2.93
6,49,2.911
14,1,2.896
24,14,2.887
41,9,2.881
31,28,2.816
14,52,2.747
14,9,2.69
51,26,2.662
37,18,2.624
24,28,2.617
37,9,2.54
6,24,2.517
31,18,2.5
24,40,2.468
13,49,2.466
40,18,2.455
37,24,2.454
13,28,2.404
18,49,2.335
6,28,2.327
18,9,2.284
37,53,2.26
14,40,2.238
21,28,2.219
45,9,2.215
54,24,2.212
40,26,2.181
14,55,2.174
16,51,2.153
51,56,2.153
56,22,2.138
51,24,2.085
40,9,2.06
1,23,2.048
15,9,1.956
52,56,1.948
8,28,1.943
14,21,1.941
40,28,1.919
45,8,1.915
52,9,1.906
45,18,1.899
16,26,1.884
37,28,1.874
52,26,1.867
37,56,1.828
6,9,1.816
51,42,1.802
14,56,1.8
6,43,1.8
37,16,1.777
52,1,1.764
15,50,1.763
14,43,1.762
42,52,1.761
54,6,1.753
31,43,1.751
37,1,1.721
24,52,1.719
21,49,1.713
40,3,1.702
26,56,1.697
37,49,1.688
40,43,1.687
10,42,1.686
21,31,1.667
24,57,1.658
16,49,1.645
14,4,1.642
37,54,1.634
51,49,1.63
39,21,1.627
52,18,1.608
14,45,1.603
54,9,1.591
39,40,1.568
6,53,1.55
10,52,1.549
44,43,1.542
51,25,1.539
58,9,1.538
21,43,1.531
40,31,1.526
44,31,1.518
40,59,1.511
14,25,1.51
24,9,1.509
40,4,1.508
16,24,1.492
37,10,1.482
37,21,1.475
24,56,1.464
45,52,1.458
59,28,1.447
52,28,1.445
60,40,1.443
6,59,1.441
21,4,1.438
43,9,1.425
54,52,1.418
47,43,1.414
61,14,1.41
37,45,1.395
10,28,1.395
58,50,1.389
58,15,1.377
16,40,1.375
24,20,1.366
52,53,1.361
39,18,1.356
14,50,1.354
61,51,1.347
52,40,1.345
54,26,1.34
43,28,1.337
44,34,1.334
6,42,1.327
21,25,1.317
6,34,1.317
31,55,1.296
42,56,1.295
4,49,1.287
34,27,1.284
37,51,1.281
45,40,1.275
24,42,1.269
54,40,1.268
14,31,1.254
43,20,1.251
24,49,1.251
14,42,1.245
6,46,1.244
57,31,1.24
56,25,1.236
49,9,1.234
45,23,1.233
51,28,1.232
47,28,1.231
14,8,1.23
40,53,1.218
37,43,1.216
51,31,1.211
33,15,1.207
14,58,1.204
14,29,1.204
5,45,1.197
21,18,1.196
10,59,1.193
15,28,1.192
6,25,1.183
52,23,1.178
5,9,1.176
62,9,1.174
18,53,1.173
45,28,1.162
24,21,1.162
44,27,1.161
52,49,1.16
40,29,1.16
6,58,1.155
46,9,1.14
31,25,1.137
52,31,1.136
37,39,1.135
24,18,1.135
34,40,1.135
40,25,1.133
45,20,1.131
26,49,1.131
6,18,1.119
51,52,1.118
7,31,1.117
40,33,1.117
6,50,1.116
29,9,1.104
63,31,1.101
61,31,1.101
52,33,1.1
61,26,1.097
6,33,1.094
16,25,1.093
50,28,1.092
16,61,1.09
6,60,1.089
19,39,1.087
37,31,1.078
39,53,1.074
57,59,1.072
37,23,1.068
57,3,1.065
37,50,1.064
6,15,1.062
39,4,1.058
24,62,1.058
45,29,1.055
16,52,1.043
39,12,1.041
37,34,1.04
43,27,1.038
24,59,1.036
57,25,1.035
54,1,1.035
4,9,1.032
43,35,1.022
16,55,1.02
31,33,1.017
46,1,1.017
32,14,1.016
37,13,1.011
39,28,1.01
60,18,1.01
37,29,1.009
6,57,1.009
39,52,0.999
40,46,0.998
24,55,0.998
45,43,0.996
62,15,0.996
59,20,0.995
18,25,0.994
46,8,0.987
29,33,0.983
14,33,0.982
16,9,0.981
1,28,0.98
5,21,0.977
6,20,0.977
13,56,0.97
37,59,0.969
13,4,0.966
37,58,0.965
28,9,0.965
37,33,0.962
14,2,0.961
46,4,0.952
24,4,0.949
8,4,0.946
43,25,0.941
32,53,0.935
42,25,0.934
42,28,0.93
37,32,0.929
54,63,0.928
13,3,0.928
40,49,0.924
31,22,0.923
41,28,0.923
37,47,0.921
26,9,0.921
24,45,0.919
19,28,0.919
18,4,0.919
3,46,0.914
47,21,0.913
3,8,0.908
52,50,0.907
40,50,0.904
26,55,0.902
5,29,0.9
24,31,0.9
18,23,0.899
36,31,0.899
43,55,0.899
36,43,0.898
13,53,0.897
28,23,0.896
33,46,0.894
37,61,0.893
45,50,0.891
18,22,0.89
8,58,0.888
47,25,0.887
3,2,0.886
34,58,0.885
5,28,0.884
13,51,0.883
3,28,0.883
47,55,0.883
30,21,0.881
3,18,0.881
38,20,0.881
29,46,0.88
39,49,0.879
37,3,0.878
26,33,0.876
6,56,0.875
20,50,0.866
60,59,0.862
40,22,0.86
37,60,0.859
4,28,0.859
42,55,0.853
54,33,0.852
52,43,0.851
40,63,0.85
22,9,0.847
5,8,0.846
3,50,0.845
48,29,0.843
19,6,0.841
3,9,0.838
47,31,0.838
54,3,0.838
18,56,0.837
29,1,0.835
5,4,0.83
5,24,0.827
40,12,0.823
6,22,0.819
51,6,0.818
38,50,0.814
51,43,0.814
19,53,0.814
57,21,0.808
33,58,0.807
51,18,0.807
47,51,0.807
26,18,0.8
16,56,0.8
31,2,0.799
18,43,0.796
55,28,0.795
51,40,0.794
61,63,0.792
14,46,0.791
41,26,0.789
16,21,0.789
43,58,0.788
32,58,0.786
14,53,0.785
5,31,0.781
51,7,0.778
43,1,0.776
55,49,0.776
52,63,0.775
36,28,0.771
52,29,0.771
18,8,0.77
60,9,0.767
52,25,0.76
60,43,0.76
51,41,0.76
16,31,0.759
40,1,0.759
31,20,0.759
43,23,0.758
25,20,0.757
52,21,0.756
16,28,0.754
37,12,0.751
61,7,0.751
57,20,0.749
60,31,0.748
7,28,0.747
3,49,0.746
5,40,0.746
33,28,0.745
24,12,0.736
44,18,0.732
52,46,0.732
18,59,0.73
63,29,0.729
16,50,0.729
5,18,0.727
52,58,0.726
39,43,0.725
55,9,0.725
43,2,0.724
31,49,0.723
61,28,0.722
14,39,0.721
40,23,0.721
38,43,0.72
47,52,0.719
45,2,0.718
6,63,0.718
37,25,0.717
24,3,0.714
7,18,0.711
6,62,0.711
12,20,0.711
43,49,0.709
6,32,0.704
39,25,0.703
5,50,0.702
26,23,0.702
48,40,0.695
44,28,0.695
37,63,0.692
5,49,0.691
25,50,0.691
6,31,0.689
34,9,0.686
61,18,0.686
13,52,0.684
30,18,0.683
30,24,0.676
24,38,0.676
16,32,0.674
8,49,0.674
39,3,0.671
47,26,0.67
61,55,0.669
14,20,0.668
61,52,0.667
42,23,0.666
14,41,0.664
13,32,0.664
54,28,0.663
51,9,0.661
5,43,0.658
52,12,0.655
37,46,0.653
14,3,0.65
30,28,0.649
19,52,0.648
38,59,0.648
32,18,0.648
52,8,0.648
24,41,0.646
52,35,0.645
29,49,0.644
36,40,0.644
52,20,0.642
56,55,0.641
61,33,0.639
61,9,0.639
61,40,0.637
37,62,0.635
34,35,0.635
45,59,0.634
60,28,0.634
19,47,0.633
58,28,0.632
5,52,0.63
30,57,0.63
54,21,0.629
5,33,0.629
59,9,0.628
47,38,0.626
3,25,0.624
54,49,0.619
37,8,0.618
47,53,0.618
25,49,0.617
45,58,0.61
6,45,0.61
55,2,0.604
16,42,0.604
55,25,0.602
19,40,0.6
45,15,0.598
46,50,0.595
54,11,0.594
13,42,0.592
8,59,0.59
14,23,0.587
59,25,0.584
37,15,0.582
45,27,0.582
5,46,0.582
37,35,0.58
30,25,0.58
24,50,0.579
36,34,0.574
59,50,0.573
23,9,0.572
14,34,0.568
40,15,0.568
43,53,0.567
26,62,0.564
55,20,0.564
58,35,0.563
13,40,0.562
42,18,0.559
57,34,0.559
37,41,0.558
52,34,0.558
51,2,0.558
37,5,0.549
60,34,0.547
36,55,0.547
16,2,0.546
2,20,0.546
54,39,0.544
54,57,0.544
32,52,0.543
6,2,0.542
24,33,0.536
34,50,0.535
47,36,0.532
45,33,0.531
40,20,0.53
12,27,0.528
61,24,0.528
19,49,0.528
45,12,0.528
54,4,0.524
54,14,0.524
30,40,0.523
46,49,0.52
40,62,0.52
34,31,0.52
51,20,0.518
41,40,0.517
29,50,0.515
61,56,0.515
53,49,0.513
43,46,0.512
14,62,0.512
32,50,0.511
2,49,0.51
13,46,0.509
51,36,0.508
18,46,0.506
16,20,0.506
38,40,0.504
61,42,0.503
37,2,0.502
20,9,0.499
24,11,0.497
54,25,0.497
26,50,0.497
46,28,0.489
40,55,0.488
16,6,0.485
44,52,0.484
7,52,0.484
16,4,0.483
16,29,0.483
7,14,0.482
41,49,0.478
40,8,0.477
47,20,0.477
47,40,0.477
61,25,0.476
35,53,0.472
61,46,0.471
63,46,0.471
20,49,0.47
24,27,0.469
33,12,0.467
61,49,0.467
44,7,0.465
21,9,0.465
51,4,0.464
34,28,0.463
56,49,0.463
6,55,0.461
52,27,0.459
6,38,0.458
46,23,0.456
57,18,0.455
57,49,0.452
19,59,0.452
57,43,0.452
33,49,0.452
44,61,0.449
44,63,0.449
7,63,0.449
21,15,0.447
40,35,0.446
36,48,0.441
36,27,0.44
13,24,0.44
44,39,0.44
21,29,0.44
36,57,0.44
48,4,0.439
41,15,0.439
48,56,0.439
19,57,0.438
47,50,0.434
51,48,0.433
34,53,0.433
44,47,0.428
36,60,0.428
16,43,0.428
44,23,0.428
44,60,0.428
26,63,0.426
48,63,0.426
37,7,0.426
62,58,0.426
37,44,0.426
36,63,0.426
57,27,0.425
19,41,0.425
41,59,0.425
24,39,0.42
19,14,0.42
37,27,0.42
45,38,0.418
57,38,0.418
13,7,0.417
6,8,0.416
57,60,0.413
60,27,0.413
47,39,0.413
39,60,0.413
39,23,0.413
48,50,0.411
48,49,0.411
5,39,0.411
57,41,0.41
36,3,0.409
5,11,0.409
61,6,0.408
13,55,0.407
61,13,0.407
54,62,0.406
24,8,0.406
5,53,0.405
57,45,0.404
50,49,0.404
7,9,0.404
44,9,0.404
36,29,0.404
18,2,0.402
52,11,0.401
47,23,0.401
32,63,0.401
47,60,0.401
60,23,0.401
36,14,0.4
13,41,0.399
24,48,0.399
13,6,0.397
48,26,0.396
26,4,0.396
12,9,0.395
3,27,0.394
48,52,0.394
63,15,0.39
32,15,0.39
44,25,0.388
36,12,0.388
48,12,0.388
18,29,0.387
38,55,0.386
31,27,0.386
39,31,0.386
26,15,0.385
19,21,0.384
13,9,0.384
62,49,0.384
44,21,0.382
60,3,0.382
62,8,0.381
37,11,0.381
32,35,0.379
57,39,0.377
26,2,0.375
37,48,0.374
31,23,0.374
38,8,0.374
63,12,0.373
54,5,0.371
41,20,0.371
13,25,0.371
18,62,0.37
56,28,0.37
21,53,0.369
40,56,0.368
7,33,0.366
44,33,0.366
37,55,0.364
16,63,0.364
62,50,0.364
25,17,0.361
60,25,0.36
57,8,0.36
25,23,0.36
14,35,0.359
38,26,0.359
57,4,0.357
63,8,0.357
32,8,0.357
14,57,0.357
19,24,0.356
63,18,0.355
21,17,0.355
31,3,0.354
60,21,0.354
44,26,0.354
21,23,0.354
45,25,0.354
19,26,0.352
29,12,0.352
16,15,0.352
26,59,0.352
6,11,0.351
51,38,0.349
13,26,0.348
36,33,0.347
30,2,0.343
21,35,0.343
57,50,0.343
32,40,0.342
16,18,0.341
16,38,0.34
61,29,0.339
39,26,0.339
19,12,0.338
57,26,0.337
63,28,0.336
24,7,0.336
47,18,0.335
37,30,0.334
24,17,0.334
10,21,0.333
62,28,0.333
32,34,0.332
5,58,0.332
18,55,0.331
53,28,0.331
27,28,0.329
24,58,0.328
5,57,0.328
44,40,0.327
60,26,0.327
42,40,0.326
12,53,0.325
35,50,0.324
52,55,0.324
16,47,0.323
41,18,0.323
8,20,0.322
30,34,0.321
16,8,0.32
28,17,0.32
5,15,0.32
24,63,0.314
40,27,0.312
25,4,0.31
16,53,0.31
16,58,0.31
8,25,0.309
33,35,0.309
21,46,0.308
21,12,0.308
13,34,0.308
19,18,0.305
37,57,0.305
63,50,0.304
61,50,0.304
60,52,0.304
41,52,0.304
14,38,0.303
7,55,0.302
36,9,0.302
13,8,0.302
30,50,0.301
52,15,0.301
26,31,0.3
34,2,0.299
40,58,0.298
42,9,0.298
60,46,0.298
16,13,0.297
7,41,0.294
34,46,0.293
61,5,0.292
5,63,0.292
24,34,0.29
14,63,0.29
10,43,0.289
16,46,0.288
16,33,0.287
34,8,0.287
7,56,0.287
5,2,0.287
32,43,0.286
41,55,0.284
21,2,0.284
61,41,0.284
10,35,0.282
7,42,0.281
26,21,0.281
2,50,0.28
14,15,0.278
30,43,0.278
5,25,0.278
60,41,0.273
18,33,0.271
35,9,0.269
6,48,0.269
41,56,0.268
61,17,0.267
18,58,0.267
7,25,0.266
43,12,0.264
29,15,0.263
42,41,0.262
34,21,0.262
34,33,0.262
13,43,0.262
34,18,0.261
43,29,0.261
61,38,0.26
29,4,0.259
56,4,0.259
18,12,0.259
29,56,0.259
54,23,0.259
54,2,0.259
2,23,0.259
7,49,0.258
46,35,0.256
51,29,0.253
62,55,0.25
51,17,0.248
38,56,0.247
10,46,0.247
41,25,0.247
37,38,0.247
26,43,0.246
47,61,0.244
7,26,0.243
42,38,0.242
21,50,0.242
43,8,0.242
46,2,0.241
54,46,0.241
24,43,0.239
60,49,0.238
62,4,0.238
60,50,0.238
58,53,0.236
42,62,0.233
51,62,0.233
47,56,0.231
18,50,0.231
56,50,0.23
50,4,0.23
55,4,0.229
49,17,0.228
62,12,0.228
42,49,0.226
47,42,0.226
51,50,0.224
13,58,0.223
5,34,0.223
46,12,0.222
5,56,0.221
12,55,0.22
42,53,0.218
42,58,0.218
32,42,0.218
24,29,0.218
26,29,0.216
43,33,0.216
5,51,0.215
46,58,0.214
46,53,0.214
32,46,0.214
52,4,0.213
42,4,0.211
52,2,0.209
12,4,0.207
38,52,0.207
2,28,0.204
33,62,0.204
42,12,0.202
51,12,0.202
49,23,0.201
14,60,0.201
50,53,0.2
10,40,0.2
40,17,0.198
42,46,0.196
47,24,0.196
33,55,0.195
37,4,0.194
5,23,0.193
33,23,0.19
13,50,0.188
42,50,0.183
33,4,0.182
51,33,0.177
42,33,0.177
26,12,0.171
53,9,0.164
14,12,0.152
